0.56
0.47333333333333333
0.49
0.5533333333333333
0.5466666666666666
0.5033333333333333
0.49333333333333335
0.5466666666666666
0.5333333333333333
0.6133333333333333
0.49333333333333335
0.5166666666666667
0.5266666666666666
0.5666666666666667
0.4766666666666667
0.49333333333333335
0.5233333333333333
0.51
0.47333333333333333
0.4866666666666667
0.4533333333333333
0.45
0.45666666666666667
0.48333333333333334
0.5433333333333333
0.47
0.5
0.5133333333333333
0.5066666666666667
0.48
0.48333333333333334
0.49666666666666665
0.5333333333333333
0.52
0.47333333333333333
0.5133333333333333
0.5266666666666666
0.5533333333333333
0.41
0.52
0.45
0.53
0.4866666666666667
0.5533333333333333
0.5033333333333333
0.52
0.5333333333333333
0.5466666666666666
0.48
0.5566666666666666
0.5133333333333333
0.46
0.49666666666666665
0.49666666666666665
0.4666666666666667
0.48
0.4666666666666667
0.5233333333333333
0.5366666666666666
0.5033333333333333
0.5033333333333333
0.5266666666666666
0.49
0.54
0.52
0.5133333333333333
0.48333333333333334
0.5166666666666667
0.51
0.44
0.49333333333333335
0.5366666666666666
0.5366666666666666
0.5066666666666667
0.44666666666666666
0.5166666666666667
0.5166666666666667
0.4866666666666667
0.4666666666666667
0.47333333333333333
0.5033333333333333
0.52
0.49333333333333335
0.4533333333333333
0.47333333333333333
0.5033333333333333
0.48
0.49333333333333335
0.4766666666666667
0.56
0.43
0.53
0.5033333333333333
0.5166666666666667
0.49666666666666665
0.51
0.5233333333333333
0.4866666666666667
0.45
0.47333333333333333
