0.515
0.53
0.55
0.54
0.57
0.575
0.555
0.575
0.545
0.62
0.565
0.53
0.555
0.575
0.57
0.595
0.6
0.595
0.535
0.5
0.6
0.57
0.54
0.57
0.54
0.54
0.545
0.53
0.635
0.51
0.555
0.62
0.54
0.565
0.58
0.575
0.595
0.565
0.61
0.57
0.57
0.58
0.525
0.54
0.465
0.545
0.555
0.57
0.58
0.605
0.52
0.56
0.57
0.575
0.52
0.565
0.51
0.535
0.605
0.525
0.53
0.515
0.58
0.48
0.53
0.495
0.525
0.55
0.55
0.59
0.535
0.585
0.53
0.53
0.585
0.52
0.515
0.64
0.525
0.575
0.54
0.56
0.56
0.565
0.59
0.59
0.575
0.58
0.57
0.545
0.605
0.545
0.53
0.58
0.615
0.565
0.57
0.565
0.56
0.6
