0.635
0.59
0.645
0.635
0.675
0.655
0.63
0.655
0.645
0.685
0.615
0.62
0.645
0.685
0.63
0.675
0.66
0.685
0.645
0.605
0.67
0.67
0.63
0.68
0.625
0.61
0.63
0.6
0.685
0.585
0.65
0.68
0.655
0.62
0.655
0.655
0.69
0.615
0.69
0.655
0.655
0.61
0.625
0.6
0.555
0.65
0.665
0.665
0.67
0.69
0.665
0.61
0.645
0.69
0.645
0.67
0.565
0.64
0.705
0.555
0.6
0.625
0.665
0.585
0.645
0.575
0.62
0.64
0.615
0.68
0.67
0.69
0.575
0.6
0.665
0.595
0.58
0.69
0.615
0.685
0.645
0.655
0.665
0.68
0.68
0.615
0.63
0.64
0.685
0.61
0.73
0.655
0.6
0.645
0.675
0.66
0.665
0.615
0.615
0.715
