0.505
0.555
0.56
0.54
0.53
0.53
0.56
0.61
0.52
0.5
0.53
0.58
0.55
0.585
0.545
0.575
0.51
0.555
0.59
0.46
0.55
0.55
0.545
0.565
0.56
0.595
0.61
0.515
0.555
0.565
0.51
0.53
0.605
0.535
0.57
0.56
0.605
0.59
0.595
0.54
0.555
0.55
0.57
0.575
0.51
0.555
0.565
0.58
0.54
0.565
0.535
0.52
0.535
0.54
0.57
0.59
0.505
0.535
0.46
0.575
0.605
0.52
0.57
0.48
0.54
0.55
0.525
0.525
0.605
0.5
0.515
0.565
0.53
0.545
0.53
0.535
0.58
0.53
0.585
0.615
0.585
0.54
0.605
0.545
0.545
0.55
0.55
0.58
0.57
0.435
0.57
0.515
0.51
0.53
0.555
0.59
0.555
0.54
0.545
0.585
