0.525
0.51
0.53
0.58
0.575
0.455
0.575
0.635
0.57
0.56
0.545
0.575
0.455
0.525
0.575
0.48
0.535
0.565
0.56
0.505
0.52
0.605
0.525
0.54
0.575
0.515
0.48
0.545
0.575
0.555
0.46
0.505
0.55
0.515
0.545
0.495
0.53
0.5
0.505
0.515
0.52
0.54
0.54
0.555
0.575
0.525
0.48
0.545
0.52
0.605
0.64
0.535
0.605
0.49
0.54
0.515
0.615
0.51
0.535
0.525
0.625
0.585
0.58
0.54
0.53
0.525
0.51
0.525
0.56
0.57
0.515
0.53
0.525
0.45
0.535
0.555
0.55
0.52
0.59
0.58
0.51
0.51
0.585
0.475
0.555
0.51
0.57
0.48
0.555
0.575
0.51
0.58
0.57
0.52
0.49
0.55
0.51
0.575
0.555
0.58
