0.705
0.665
0.7
0.755
0.685
0.655
0.69
0.71
0.68
0.66
0.705
0.7
0.56
0.71
0.71
0.62
0.725
0.71
0.69
0.685
0.7
0.775
0.72
0.665
0.735
0.655
0.69
0.735
0.67
0.66
0.675
0.64
0.665
0.695
0.685
0.71
0.715
0.675
0.665
0.64
0.685
0.69
0.705
0.76
0.73
0.695
0.69
0.685
0.67
0.76
0.73
0.7
0.725
0.62
0.695
0.725
0.71
0.68
0.66
0.7
0.715
0.66
0.71
0.62
0.665
0.7
0.67
0.625
0.66
0.74
0.67
0.665
0.68
0.665
0.665
0.7
0.7
0.675
0.72
0.72
0.63
0.715
0.71
0.66
0.7
0.705
0.695
0.665
0.69
0.705
0.69
0.745
0.73
0.695
0.635
0.665
0.66
0.705
0.67
0.735
