0.535
0.51
0.525
0.575
0.505
0.46
0.535
0.595
0.575
0.53
0.57
0.585
0.465
0.515
0.585
0.43
0.55
0.565
0.555
0.515
0.52
0.585
0.545
0.52
0.575
0.505
0.465
0.585
0.525
0.545
0.47
0.495
0.525
0.57
0.525
0.5
0.53
0.47
0.52
0.475
0.52
0.545
0.555
0.575
0.56
0.49
0.5
0.58
0.515
0.54
0.6
0.56
0.605
0.46
0.56
0.505
0.59
0.515
0.555
0.545
0.585
0.55
0.595
0.525
0.555
0.495
0.495
0.5
0.51
0.565
0.475
0.5
0.515
0.47
0.53
0.565
0.535
0.51
0.545
0.56
0.48
0.535
0.54
0.505
0.535
0.515
0.57
0.5
0.525
0.54
0.49
0.585
0.56
0.5
0.515
0.545
0.525
0.585
0.54
0.565
