0.525
0.535
0.55
0.54
0.565
0.495
0.585
0.565
0.535
0.55
0.52
0.555
0.595
0.55
0.55
0.545
0.575
0.515
0.6
0.555
0.54
0.555
0.575
0.515
0.545
0.585
0.565
0.605
0.525
0.585
0.565
0.55
0.51
0.63
0.55
0.61
0.56
0.505
0.53
0.525
0.605
0.57
0.505
0.635
0.59
0.56
0.575
0.62
0.57
0.55
0.555
0.545
0.535
0.6
0.575
0.605
0.52
0.555
0.59
0.52
0.575
0.535
0.595
0.565
0.585
0.595
0.545
0.555
0.58
0.585
0.625
0.545
0.535
0.56
0.53
0.575
0.585
0.52
0.545
0.475
0.625
0.535
0.635
0.595
0.57
0.545
0.545
0.54
0.565
0.605
0.555
0.57
0.515
0.6
0.545
0.52
0.585
0.58
0.565
0.57
