0.67
0.64
0.645
0.66
0.625
0.685
0.665
0.7
0.63
0.63
0.7
0.665
0.72
0.71
0.64
0.705
0.665
0.66
0.675
0.655
0.635
0.65
0.645
0.61
0.615
0.645
0.67
0.68
0.66
0.655
0.65
0.695
0.675
0.615
0.64
0.625
0.67
0.56
0.665
0.695
0.685
0.7
0.645
0.695
0.625
0.63
0.685
0.715
0.685
0.69
0.64
0.61
0.61
0.695
0.67
0.625
0.655
0.66
0.6
0.655
0.63
0.675
0.71
0.67
0.64
0.63
0.63
0.68
0.665
0.69
0.685
0.655
0.635
0.62
0.705
0.64
0.69
0.62
0.67
0.665
0.695
0.64
0.66
0.73
0.67
0.685
0.65
0.67
0.63
0.655
0.655
0.63
0.655
0.67
0.655
0.62
0.615
0.685
0.65
0.705
