0.45
0.41
0.4666666666666667
0.46
0.41
0.46
0.47
0.48333333333333334
0.44333333333333336
0.5066666666666667
0.47
0.4066666666666667
0.5033333333333333
0.4666666666666667
0.41333333333333333
0.4866666666666667
0.5166666666666667
0.49333333333333335
0.47
0.45
0.44333333333333336
0.43
0.47
0.47
0.49666666666666665
0.45
0.4766666666666667
0.5033333333333333
0.43333333333333335
0.44
0.43666666666666665
0.44
0.43666666666666665
0.47
0.43666666666666665
0.4066666666666667
0.4533333333333333
0.4
0.43333333333333335
0.5066666666666667
0.42
0.47333333333333333
0.46
0.4866666666666667
0.4666666666666667
0.44
0.41333333333333333
0.43333333333333335
0.43666666666666665
0.4
0.4766666666666667
0.43333333333333335
0.4266666666666667
0.5166666666666667
0.44666666666666666
0.4866666666666667
0.41
0.43333333333333335
0.42
0.45666666666666667
0.5233333333333333
0.45
0.47333333333333333
0.47333333333333333
0.52
0.45
0.4533333333333333
0.46
0.48333333333333334
0.42333333333333334
0.4766666666666667
0.4166666666666667
0.4866666666666667
0.43333333333333335
0.45666666666666667
0.43
0.44666666666666666
0.47
0.4666666666666667
0.37666666666666665
0.44666666666666666
0.45
0.4
0.4766666666666667
0.45666666666666667
0.4166666666666667
0.4633333333333333
0.4533333333333333
0.43666666666666665
0.4866666666666667
0.4633333333333333
0.44666666666666666
0.43666666666666665
0.42333333333333334
0.47333333333333333
0.48333333333333334
0.4666666666666667
0.43666666666666665
0.4666666666666667
0.43
