0.36333333333333334
0.38
0.33666666666666667
0.39
0.38
0.39
0.38
0.42
0.4066666666666667
0.3566666666666667
0.4266666666666667
0.36
0.4633333333333333
0.4166666666666667
0.3566666666666667
0.37333333333333335
0.44333333333333336
0.35
0.44
0.42333333333333334
0.38
0.38
0.4166666666666667
0.38
0.46
0.4266666666666667
0.3933333333333333
0.47333333333333333
0.41333333333333333
0.35
0.37
0.45
0.4266666666666667
0.43
0.37
0.3566666666666667
0.41
0.33666666666666667
0.38333333333333336
0.45
0.34
0.4166666666666667
0.4633333333333333
0.37333333333333335
0.36333333333333334
0.39666666666666667
0.3333333333333333
0.36666666666666664
0.4033333333333333
0.37
0.4266666666666667
0.37666666666666665
0.38
0.41
0.35333333333333333
0.45666666666666667
0.4
0.36
0.33
0.33666666666666667
0.38333333333333336
0.44666666666666666
0.4166666666666667
0.36333333333333334
0.38666666666666666
0.4
0.37666666666666665
0.42333333333333334
0.43
0.38666666666666666
0.46
0.4266666666666667
0.4066666666666667
0.3466666666666667
0.38666666666666666
0.35333333333333333
0.4266666666666667
0.43
0.39
0.3
0.39
0.43666666666666665
0.35
0.37
0.4033333333333333
0.3566666666666667
0.41333333333333333
0.45
0.35
0.4266666666666667
0.4
0.42333333333333334
0.3933333333333333
0.4
0.4066666666666667
0.4266666666666667
0.42
0.45
0.39666666666666667
0.41
