0.3933333333333333
0.35
0.39
0.39
0.4033333333333333
0.4066666666666667
0.3433333333333333
0.43666666666666665
0.39666666666666667
0.37666666666666665
0.41333333333333333
0.4033333333333333
0.48333333333333334
0.4033333333333333
0.38333333333333336
0.41333333333333333
0.4533333333333333
0.35
0.4266666666666667
0.44666666666666666
0.4266666666666667
0.38333333333333336
0.43
0.41333333333333333
0.4066666666666667
0.44333333333333336
0.38666666666666666
0.45666666666666667
0.38666666666666666
0.42333333333333334
0.4
0.51
0.39
0.4
0.38
0.3933333333333333
0.4066666666666667
0.36
0.43
0.44333333333333336
0.38
0.43333333333333335
0.42333333333333334
0.4166666666666667
0.3933333333333333
0.38
0.37333333333333335
0.4166666666666667
0.43
0.30333333333333334
0.4066666666666667
0.3933333333333333
0.36666666666666664
0.43
0.4033333333333333
0.43666666666666665
0.41333333333333333
0.38666666666666666
0.38
0.42333333333333334
0.37333333333333335
0.44
0.42
0.39666666666666667
0.39666666666666667
0.35
0.39666666666666667
0.4266666666666667
0.43
0.43333333333333335
0.45666666666666667
0.4633333333333333
0.42
0.39
0.41333333333333333
0.4166666666666667
0.43666666666666665
0.44
0.42333333333333334
0.33666666666666667
0.37666666666666665
0.4166666666666667
0.32
0.4033333333333333
0.44
0.38333333333333336
0.4066666666666667
0.49
0.35
0.43333333333333335
0.4266666666666667
0.39
0.4066666666666667
0.39666666666666667
0.4033333333333333
0.4633333333333333
0.45
0.42333333333333334
0.44333333333333336
0.43666666666666665
