0.6533333333333333
0.5866666666666667
0.6133333333333333
0.5966666666666667
0.58
0.5966666666666667
0.59
0.6033333333333334
0.62
0.59
0.5966666666666667
0.5666666666666667
0.5766666666666667
0.5833333333333334
0.6033333333333334
0.62
0.5966666666666667
0.6366666666666667
0.6033333333333334
0.6233333333333333
0.59
0.5433333333333333
0.5933333333333334
0.6166666666666667
0.6033333333333334
0.6333333333333333
0.6066666666666667
0.6333333333333333
0.56
0.5533333333333333
0.5633333333333334
0.5566666666666666
0.6366666666666667
0.6133333333333333
0.6333333333333333
0.6066666666666667
0.5866666666666667
0.5566666666666666
0.56
0.5766666666666667
0.5666666666666667
0.5766666666666667
0.5833333333333334
0.5733333333333334
0.57
0.59
0.5833333333333334
0.5933333333333334
0.5433333333333333
0.5433333333333333
0.53
0.61
0.5766666666666667
0.6133333333333333
0.6333333333333333
0.6033333333333334
0.6233333333333333
0.5633333333333334
0.6
0.6766666666666666
0.6066666666666667
0.5533333333333333
0.58
0.58
0.5933333333333334
0.6
0.6366666666666667
0.6466666666666666
0.5833333333333334
0.6366666666666667
0.5866666666666667
0.58
0.63
0.5833333333333334
0.58
0.5866666666666667
0.59
0.63
0.54
0.5866666666666667
0.58
0.6033333333333334
0.57
0.5666666666666667
0.5933333333333334
0.6166666666666667
0.5866666666666667
0.6
0.57
0.5866666666666667
0.6033333333333334
0.5666666666666667
0.5766666666666667
0.51
0.5733333333333334
0.6066666666666667
0.6
0.6033333333333334
0.6533333333333333
0.5466666666666666
