0.43666666666666665
0.38666666666666666
0.44333333333333336
0.42
0.4033333333333333
0.4166666666666667
0.37
0.39666666666666667
0.4033333333333333
0.41
0.47333333333333333
0.41333333333333333
0.48
0.4533333333333333
0.42
0.39666666666666667
0.4266666666666667
0.47333333333333333
0.46
0.4266666666666667
0.37
0.38333333333333336
0.42333333333333334
0.39666666666666667
0.4033333333333333
0.41
0.3933333333333333
0.4533333333333333
0.3933333333333333
0.41333333333333333
0.38666666666666666
0.5166666666666667
0.41
0.46
0.41333333333333333
0.37333333333333335
0.43
0.36
0.4666666666666667
0.39
0.4033333333333333
0.4266666666666667
0.3933333333333333
0.41
0.38666666666666666
0.45666666666666667
0.38
0.3933333333333333
0.41333333333333333
0.36333333333333334
0.4166666666666667
0.4166666666666667
0.4266666666666667
0.42333333333333334
0.41333333333333333
0.47333333333333333
0.39666666666666667
0.41333333333333333
0.42
0.44333333333333336
0.3933333333333333
0.42333333333333334
0.44
0.4
0.39666666666666667
0.38333333333333336
0.43
0.48
0.44333333333333336
0.41333333333333333
0.44666666666666666
0.44
0.45
0.42
0.4266666666666667
0.41
0.42333333333333334
0.42333333333333334
0.44666666666666666
0.4033333333333333
0.44
0.4666666666666667
0.3433333333333333
0.39666666666666667
0.44666666666666666
0.4633333333333333
0.39666666666666667
0.4666666666666667
0.36
0.42
0.47333333333333333
0.4266666666666667
0.42
0.43333333333333335
0.38666666666666666
0.4633333333333333
0.46
0.47
0.47333333333333333
0.4666666666666667
