2.170217021702170257e+01 4.376437643764376162e+02
7.890789078907890826e+02 3.160316031603160170e+01
6.614661466146613975e+02 5.453545354535452816e+02
7.951795179517951055e+02 4.368436843684368114e+02
3.142314231423142132e+02 3.258325832583258261e+02
9.857985798579857146e+02 6.093609360936093253e+02
6.626662666266626047e+02 1.518151815181518032e+02
7.115711571157115714e+02 1.969196919691969185e+02
5.133513351335133166e+02 7.621762176217621345e+02
7.953795379537953067e+02 4.953495349534953220e+02
8.842884288428842865e+02 8.200820082008200416e+02
5.803580358035803783e+02 2.330233023302330082e+02
2.396239623962396195e+02 2.281228122812281072e+02
4.117411741174117310e+02 4.702470247024702417e+02
3.522352235223522143e+02 6.266626662666266157e+02
4.606460646064606408e+02 4.849484948494849164e+02
4.804480448044804461e+02 5.054505450545054259e+02
4.007400740074007217e+02 3.835383538353835320e+02
3.574357435743573888e+02 7.697769776977697802e+02
1.935193519351934981e+02 5.726572657265726320e+02
9.445944594459444943e+02 1.773177317731773144e+02
1.610161016101610016e+02 9.565956595659565664e+02
8.374837483748374325e+02 8.663866386638663926e+02
5.960596059605960590e+02 5.610561056105610760e+02
8.290829082908290104e+01 4.384438443844384210e+02
3.095309530953095418e+02 7.541754175417540864e+02
7.412741274127412225e+02 5.327532753275327195e+02
7.877787778777877747e+02 9.432943294329431865e+02
