0.5433333333333333
0.47
0.48
0.5466666666666666
0.57
0.5
0.5366666666666666
0.58
0.49666666666666665
0.5733333333333334
0.5066666666666667
0.54
0.5466666666666666
0.5166666666666667
0.47333333333333333
0.49
0.53
0.5033333333333333
0.49333333333333335
0.48
0.4766666666666667
0.49
0.47
0.47333333333333333
0.5266666666666666
0.5333333333333333
0.5333333333333333
0.5333333333333333
0.5366666666666666
0.49
0.5066666666666667
0.5133333333333333
0.54
0.5433333333333333
0.51
0.5366666666666666
0.5166666666666667
0.62
0.43
0.5533333333333333
0.5033333333333333
0.5
0.49666666666666665
0.5233333333333333
0.49666666666666665
0.5
0.54
0.59
0.5266666666666666
0.5533333333333333
0.5033333333333333
0.52
0.5066666666666667
0.5
0.49666666666666665
0.47
0.5
0.5433333333333333
0.5466666666666666
0.51
0.5233333333333333
0.51
0.4766666666666667
0.5366666666666666
0.49666666666666665
0.5366666666666666
0.51
0.5266666666666666
0.5333333333333333
0.4633333333333333
0.5433333333333333
0.53
0.5266666666666666
0.49333333333333335
0.5233333333333333
0.52
0.49666666666666665
0.48
0.49
0.44333333333333336
0.49666666666666665
0.5533333333333333
0.55
0.43
0.5333333333333333
0.5333333333333333
0.49666666666666665
0.54
0.4666666666666667
0.53
0.47333333333333333
0.5466666666666666
0.54
0.49
0.52
0.5133333333333333
0.53
0.5
0.4766666666666667
0.51
