0.48
0.49
0.5533333333333333
0.52
0.47
0.51
0.49666666666666665
0.47333333333333333
0.44666666666666666
0.5133333333333333
0.49
0.5333333333333333
0.48
0.49
0.48
0.5233333333333333
0.5
0.47
0.4766666666666667
0.5266666666666666
0.4633333333333333
0.48
0.47
0.4533333333333333
0.4533333333333333
0.5333333333333333
0.5166666666666667
0.5333333333333333
0.46
0.4666666666666667
0.47333333333333333
0.5433333333333333
0.5066666666666667
0.5133333333333333
0.49666666666666665
0.4766666666666667
0.49
0.48
0.4866666666666667
0.49666666666666665
0.5366666666666666
0.5233333333333333
0.5333333333333333
0.5066666666666667
0.41333333333333333
0.4866666666666667
0.5133333333333333
0.49666666666666665
0.54
0.49666666666666665
0.5133333333333333
0.48333333333333334
0.4666666666666667
0.47333333333333333
0.38333333333333336
0.5266666666666666
0.4266666666666667
0.5366666666666666
0.45
0.48333333333333334
0.51
0.42333333333333334
0.47333333333333333
0.5
0.47333333333333333
0.43333333333333335
0.49666666666666665
0.4666666666666667
0.49333333333333335
0.49666666666666665
0.5466666666666666
0.41
0.44333333333333336
0.5266666666666666
0.4866666666666667
0.4666666666666667
0.4633333333333333
0.4666666666666667
0.52
0.5166666666666667
0.48333333333333334
0.48333333333333334
0.47333333333333333
0.4766666666666667
0.5333333333333333
0.5366666666666666
0.5
0.5033333333333333
0.45
0.49
0.4866666666666667
0.4866666666666667
0.4666666666666667
0.53
0.4766666666666667
0.5366666666666666
0.48333333333333334
0.5433333333333333
0.47
0.5033333333333333
